Egg 0 0
802 40 0
801O 0 40
801 40 40
800 80 0
799 80 40
798 0 80
797 40 80
796 80 80
795 120 0
794 120 40
793 120 80
792 0 120
791 40 120
790 80 120
789 120 120
788 160 0
787 160 40
786 160 80
785 160 120
784 0 160
783 40 160
782 80 160
781 120 160
780 160 160
779 200 0
778 200 40
777 200 80
776 200 120
775 200 160
774Y 0 200
774V 40 200
774R 80 200
774O 120 200
774I 160 200
774G 200 200
774B 240 0
774 240 40
773 240 80
772 240 120
771 240 160
770 240 200
769 0 240
768 40 240
767 80 240
766 120 240
765 160 240
764 200 240
763 240 240
762 280 0
761 280 40
760 280 80
759 280 120
758 280 160
757 280 200
756 280 240
755 0 280
754 40 280
753 80 280
752 120 280
751 160 280
750 200 280
749 240 280
748 280 280
747 320 0
746Sc 320 40
746 320 80
745Mn 320 120
745 320 160
744 320 200
743 320 240
742 320 280
741Se 0 320
741Po 40 320
741Pa 80 320
741 120 320
740 160 320
739 200 320
738 240 320
737 280 320
736 320 320
735 360 0
734 360 40
733 360 80
732 360 120
731 360 160
730 360 200
729 360 240
728 360 280
727 360 320
726 0 360
725 40 360
724 80 360
723 120 360
722 160 360
721 200 360
720U 240 360
720 280 360
719M 320 360
719 360 360
718T 400 0
718C 400 40
718 400 80
717 400 120
716B 400 160
716 400 200
715 400 240
714 400 280
713 400 320
712 400 360
711 0 400
710 40 400
709 80 400
708 120 400
707 160 400
706 200 400
705 240 400
704 280 400
703 320 400
702 360 400
701 400 400
700 440 0
699 440 40
698 440 80
697 440 120
696 440 160
695 440 200
694 440 240
693 440 280
692 440 320
691 440 360
690 440 400
689 0 440
688 40 440
687 80 440
686 120 440
685 160 440
684 200 440
683 240 440
682 280 440
681B 320 440
681 360 440
680 400 440
679 440 440
678F 480 0
678 480 40
677 480 80
676St 480 120
676Ph 480 160
676Ma 480 200
676La 480 240
676Ka 480 280
676He 480 320
676Di 480 360
676De 480 400
676Da 480 440
676 0 480
675 40 480
674 80 480
673 120 480
672 160 480
671Y 200 480
671W 240 480
671O 280 480
671B 320 480
671 360 480
670Y 400 480
670W 440 480
670O 480 480
670E 520 0
670B 520 40
670 520 80
669Y 520 120
669W 520 160
669O 520 200
669B 520 240
669 520 280
668F 520 320
668 520 360
667 520 400
666Ze 520 440
666Ve 520 480
666So 0 520
666Se 40 520
666Sa 80 520
666Ri 120 520
666Pok 160 520
666Po 200 520
666Mon 240 520
666Mod 280 520
666Ma 320 520
666Ju 360 520
666Ic 400 520
666Gl 440 520
666Fan 480 520
666El 520 520
666De 560 0
666Co 560 40
666Ar 560 80
666 560 120
665 560 160
664 560 200
663 560 240
662 560 280
661 560 320
660 560 360
659 560 400
658A 560 440
658 560 480
657 560 520
656 0 560
655 40 560
654 80 560
653 120 560
652 160 560
651 200 560
650 240 560
649 280 560
648S 320 560
648 360 560
647R 400 560
647 440 560
646W 480 560
646B 520 560
646 560 560
645T 600 0
645 600 40
644 600 80
643 600 120
642T 600 160
642 600 200
641T 600 240
641 600 280
640 600 320
639 600 360
638 600 400
637 600 440
636 600 480
635 600 520
634 600 560
633 0 600
632 40 600
631 80 600
630 120 600
629 160 600
628 200 600
627 240 600
626 280 600
625 320 600
624 360 600
623 400 600
622 440 600
621 480 600
620 520 600
619 560 600
618 600 600
617 640 0
616 640 40
615 640 80
614 640 120
613 640 160
612 640 200
611 640 240
610 640 280
609 640 320
608 640 360
607 640 400
606 640 440
605 640 480
604 640 520
603 640 560
602 640 600
601 0 640
600 40 640
599 80 640
598 120 640
597 160 640
596 200 640
595 240 640
594 280 640
593F 320 640
593 360 640
592F 400 640
592 440 640
591 480 640
590 520 640
589 560 640
588 600 640
587 640 640
586W 680 0
586S 680 40
586A 680 80
586 680 120
585W 680 160
585S 680 200
585A 680 240
585 680 280
584 680 320
583 680 360
582 680 400
581 680 440
580 680 480
579 680 520
578 680 560
577 680 600
576 680 640
575 0 680
574 40 680
573 80 680
572 120 680
571 160 680
570 200 680
569 240 680
568 280 680
567 320 680
566 360 680
565 400 680
564 440 680
563 480 680
562 520 680
561 560 680
560 600 680
559 640 680
558 680 680
557 720 0
556 720 40
555D 720 80
555 720 120
554 720 160
553 720 200
552 720 240
551 720 280
550B 720 320
550 720 360
549 720 400
548 720 440
547 720 480
546 720 520
545 720 560
544 720 600
543 720 640
542 720 680
541 0 720
540 40 720
539 80 720
538 120 720
537 160 720
536 200 720
535 240 720
534 280 720
533 320 720
532 360 720
531M 400 720
531 440 720
530 480 720
529 520 720
528 560 720
527 600 720
526 640 720
525 680 720
524 720 720
523 760 0
522 760 40
521F 760 80
521 760 120
520 760 160
519 760 200
518 760 240
517 760 280
516 760 320
515 760 360
514 760 400
513 760 440
512 760 480
511 760 520
510 760 560
509 760 600
508 760 640
507 760 680
506 760 720
505 0 760
504 40 760
503 80 760
502 120 760
501 160 760
500 200 760
499 240 760
498 280 760
497 320 760
496 360 760
495 400 760
494 440 760
493 480 760
492S 520 760
492 560 760
491 600 760
490E 640 760
490 680 760
489 720 760
488 760 760
487O 800 0
487 800 40
486 800 80
485 800 120
484 800 160
483 800 200
482 800 240
481 800 280
480 800 320
479W 800 360
479R 800 400
479O 800 440
479L 800 480
479F 800 520
479 800 560
478 800 600
477 800 640
476 800 680
475M 800 720
475 800 760
474 0 800
473 40 800
472 80 800
471 120 800
470 160 800
469 200 800
468 240 800
467 280 800
466 320 800
465 360 800
464 400 800
463 440 800
462 480 800
461 520 800
460M 560 800
460 600 800
459 640 800
458 680 800
457 720 800
456 760 800
455 800 800
454 840 0
453 840 40
452 840 80
451 840 120
450 840 160
449 840 200
448M 840 240
448 840 280
447 840 320
446 840 360
445M 840 400
445 840 440
444 840 480
443 840 520
442 840 560
441 840 600
440 840 640
439 840 680
438 840 720
437 840 760
436 840 800
435 0 840
434 40 840
433 80 840
432 120 840
431 160 840
430 200 840
429 240 840
428M 280 840
428 320 840
427 360 840
426 400 840
425 440 840
424 480 840
423E 520 840
423 560 840
422E 600 840
422 640 840
421S 680 840
421 720 840
420 760 840
419 800 840
418 840 840
417 880 0
416 880 40
415 880 80
414 880 120
413S 880 160
413G 880 200
413 880 240
412S 880 280
412G 880 320
412 880 360
411 880 400
410 880 440
409 880 480
408 880 520
407 880 560
406 880 600
405 880 640
404 880 680
403 880 720
402 880 760
401 880 800
400 880 840
399 0 880
398 40 880
397 80 880
396 120 880
395 160 880
394 200 880
393 240 880
392 280 880
391 320 880
390 360 880
389 400 880
388 440 880
387 480 880
386S 520 880
386D 560 880
386A 600 880
386 640 880
385 680 880
384M 720 880
384 760 880
383P 800 880
383 840 880
382P 880 880
382 920 0
381M 920 40
381 920 80
380M 920 120
380 920 160
379 920 200
378 920 240
377 920 280
376M 920 320
376 920 360
375 920 400
374 920 440
373M 920 480
373 920 520
372 920 560
371 920 600
370 920 640
369 920 680
368 920 720
367 920 760
366 920 800
365 920 840
364 920 880
363 0 920
362M 40 920
362 80 920
361 120 920
360 160 920
359M 200 920
359 240 920
358 280 920
357 320 920
356 360 920
355 400 920
354M 440 920
354 480 920
353 520 920
352 560 920
351S 600 920
351R 640 920
351H 680 920
351 720 920
350 760 920
349 800 920
348 840 920
347 880 920
346 920 920
345 960 0
344 960 40
343 960 80
342 960 120
341 960 160
340 960 200
339 960 240
338 960 280
337 960 320
336 960 360
335 960 400
334M 960 440
334 960 480
333 960 520
332 960 560
331 960 600
330 960 640
329 960 680
328 960 720
327 960 760
326 960 800
325 960 840
324 960 880
323M 960 920
323 0 960
322 40 960
321 80 960
320 120 960
319M 160 960
319 200 960
318 240 960
317 280 960
316 320 960
315 360 960
314 400 960
313 440 960
312 480 960
311 520 960
310M 560 960
310 600 960
309 640 960
308M 680 960
308 720 960
307 760 960
306M 800 960
306 840 960
305 880 960
304 920 960
303M 960 960
303 1000 0
302M 1000 40
302 1000 80
301 1000 120
300 1000 160
299 1000 200
298 1000 240
297 1000 280
296 1000 320
295 1000 360
294 1000 400
293 1000 440
292 1000 480
291 1000 520
290 1000 560
289 1000 600
288 1000 640
287 1000 680
286 1000 720
285 1000 760
284 1000 800
283 1000 840
282M 1000 880
282 1000 920
281 1000 960
280 0 1000
279 40 1000
278 80 1000
277 120 1000
276 160 1000
275 200 1000
274 240 1000
273 280 1000
272 320 1000
271 360 1000
270 400 1000
269 440 1000
268 480 1000
267 520 1000
266 560 1000
265 600 1000
264 640 1000
263 680 1000
262 720 1000
261 760 1000
260M 800 1000
260 840 1000
259 880 1000
258 920 1000
257M 960 1000
257 1000 1000
256 1040 0
255 1040 40
254M 1040 80
254 1040 120
253 1040 160
252 1040 200
251 1040 240
250 1040 280
249 1040 320
248M 1040 360
248 1040 400
247 1040 440
246 1040 480
245 1040 520
244 1040 560
243 1040 600
242 1040 640
241 1040 680
240 1040 720
239 1040 760
238 1040 800
237 1040 840
236 1040 880
235 1040 920
234 1040 960
233 1040 1000
232 0 1040
231 40 1040
230 80 1040
229M 120 1040
229 160 1040
228 200 1040
227 240 1040
226 280 1040
225 320 1040
224 360 1040
223 400 1040
222 440 1040
221 480 1040
220 520 1040
219 560 1040
218 600 1040
217 640 1040
216 680 1040
215 720 1040
214M 760 1040
214 800 1040
213 840 1040
212M 880 1040
212 920 1040
211 960 1040
210 1000 1040
209 1040 1040
208M 1080 0
208 1080 40
207 1080 80
206 1080 120
205 1080 160
204 1080 200
203 1080 240
202 1080 280
201Z 1080 320
201Y 1080 360
201X 1080 400
201W 1080 440
201V 1080 480
201U 1080 520
201T 1080 560
201S 1080 600
201R 1080 640
201QU 1080 680
201Q 1080 720
201P 1080 760
201O 1080 800
201N 1080 840
201M 1080 880
201L 1080 920
201K 1080 960
201J 1080 1000
201I 1080 1040
201H 0 1080
201G 40 1080
201F 80 1080
201EX 120 1080
201E 160 1080
201D 200 1080
201C 240 1080
201B 280 1080
201A 320 1080
201 360 1080
200 400 1080
199 440 1080
198 480 1080
197 520 1080
196 560 1080
195 600 1080
194 640 1080
193 680 1080
192 720 1080
191 760 1080
190 800 1080
189 840 1080
188 880 1080
187 920 1080
186 960 1080
185 1000 1080
184 1040 1080
183 1080 1080
182 1120 0
181M 1120 40
181 1120 80
180 1120 120
179 1120 160
178 1120 200
177 1120 240
176 1120 280
175 1120 320
174 1120 360
173 1120 400
172 1120 440
171 1120 480
170 1120 520
169 1120 560
168 1120 600
167 1120 640
166 1120 680
165 1120 720
164S 1120 760
164 1120 800
163 1120 840
162 1120 880
161 1120 920
160 1120 960
159 1120 1000
158 1120 1040
157 1120 1080
156 0 1120
155 40 1120
154 80 1120
153 120 1120
152 160 1120
151 200 1120
150Y 240 1120
150X 280 1120
150 320 1120
149 360 1120
148 400 1120
147 440 1120
146 480 1120
145 520 1120
144 560 1120
143 600 1120
142M 640 1120
142 680 1120
141 720 1120
140 760 1120
139 800 1120
138 840 1120
137 880 1120
136 920 1120
135 960 1120
134 1000 1120
133 1040 1120
132 1080 1120
131 1120 1120
130M 1160 0
130 1160 40
129 1160 80
128 1160 120
127M 1160 160
127 1160 200
126 1160 240
125 1160 280
124 1160 320
123 1160 360
122 1160 400
121 1160 440
120 1160 480
119 1160 520
118 1160 560
117 1160 600
116 1160 640
115M 1160 680
115 1160 720
114 1160 760
113 1160 800
112 1160 840
111 1160 880
110 1160 920
109 1160 960
108 1160 1000
107 1160 1040
106 1160 1080
105A 1160 1120
105 0 1160
104 40 1160
103A 80 1160
103 120 1160
102 160 1160
101 200 1160
100 240 1160
099 280 1160
098 320 1160
097 360 1160
096 400 1160
095C 440 1160
095 480 1160
094M 520 1160
094 560 1160
093 600 1160
092 640 1160
091 680 1160
090 720 1160
089A 760 1160
089 800 1160
088A 840 1160
088 880 1160
087 920 1160
086 960 1160
085 1000 1160
084 1040 1160
083 1080 1160
082 1120 1160
081 1160 1160
080M 1200 0
080 1200 40
079 1200 80
078 1200 120
077 1200 160
076A 1200 200
076 1200 240
075A 1200 280
075 1200 320
074A 1200 360
074 1200 400
073 1200 440
072 1200 480
071 1200 520
070 1200 560
069 1200 600
068 1200 640
067 1200 680
066 1200 720
065M 1200 760
065 1200 800
064 1200 840
063 1200 880
062 1200 920
061 1200 960
060 1200 1000
059 1200 1040
058 1200 1080
057 1200 1120
056 1200 1160
055 0 1200
054 40 1200
053A 80 1200
053 120 1200
052A 160 1200
052 200 1200
051A 240 1200
051 280 1200
050A 320 1200
050 360 1200
049 400 1200
048 440 1200
047 480 1200
046 520 1200
045 560 1200
044 600 1200
043 640 1200
042 680 1200
041 720 1200
040 760 1200
039 800 1200
038A 840 1200
038 880 1200
037A 920 1200
037 960 1200
036 1000 1200
035 1040 1200
034 1080 1200
033 1120 1200
032 1160 1200
031 1200 1200
030 1240 0
029 1240 40
028A 1240 80
028 1240 120
027A 1240 160
027 1240 200
026A 1240 240
026 1240 280
025R 1240 320
025P 1240 360
025L 1240 400
025D 1240 440
025C 1240 480
025B 1240 520
025 1240 560
024 1240 600
023 1240 640
022 1240 680
021 1240 720
020A 1240 760
020 1240 800
019A 1240 840
019 1240 880
018M 1240 920
018 1240 960
017 1240 1000
016 1240 1040
015M 1240 1080
015 1240 1120
014 1240 1160
013 1240 1200
012 0 1240
011 40 1240
010 80 1240
009M 120 1240
009 160 1240
008 200 1240
007 240 1240
006Y 280 1240
006X 320 1240
006 360 1240
005 400 1240
004 440 1240
003M 480 1240
003 520 1240
002 560 1240
001 600 1240
000 640 1240
